1 0.09003103644314706
2 0.03754676580937283
3 0.03732771722701141
4 0.02460736299844493
5 0.02336064316181569
6 0.01806220520878038
7 0.01691585310945157
8 0.01404339458591809
9 0.01314515400010588
10 0.01140461886586306
11 0.01071221974010804
12 0.009551074345372397
13 0.009020130043153449
14 0.008195196443688657
15 0.007778176188385479
16 0.007164912289894321
17 0.00683023317842684
18 0.006357696071987546
19 0.006083900711760766
20 0.005709384566897497
21 0.005481603972217129
22 0.005177927231561745
23 0.004985670224212361
24 0.004734756532068952
25 0.004570442296466956
