1 0.09003103644314706
2 0.03253793303219441
3 0.03187829047894894
4 0.01956288008759878
5 0.01954906291191084
6 0.01406133626321372
7 0.01406501668568377
8 0.01097529645959542
9 0.01097665329102968
10 0.008998044309992079
11 0.008998467447578425
12 0.007623668819258186
13 0.007623811014281312
14 0.00661321650057127
15 0.006613269850112573
16 0.005839149472454705
17 0.005839171691953258
18 0.005227244663336349
19 0.005227254792328613
20 0.00473139235814244
21 0.004731397342796177
22 0.00432144442105687
23 0.004321447038077373
24 0.003976860390854088
25 0.003976861842294658
