1 0.04141917044422096
2 0.02665670736356932
3 0.02358708227224258
4 0.01786997075621328
5 0.01443870608297851
6 0.011643669089401
7 0.0097865877530485
8 0.008370741136527029
9 0.007291600553593964
10 0.00642711250075192
11 0.005723253076252036
12 0.005139081920754058
13 0.004647950521942673
14 0.004230194410514769
15 0.003871326015646406
16 0.003560338076042045
17 0.003288749506262339
18 0.003049920159326516
19 0.00283858351528732
20 0.002650513184846261
21 0.002482282076922258
22 0.00233108499155272
23 0.002194606081510427
24 0.002070918485604799
25 0.001958407427883083
