1 0.1103215547480901
2 0.05883303681894051
3 0.04729574489581884
4 0.03865174256083721
5 0.02857762995091122
6 0.02631396822579017
7 0.02216293986694966
8 0.01905441516308344
9 0.01796100175317893
10 0.01551748915101588
11 0.01451422728203533
12 0.01347687873234088
13 0.01211319628791088
14 0.01170546225142062
15 0.01069150294281287
16 0.0100958780170513
17 0.009677066765603132
18 0.008917917931484703
19 0.008679359059136924
20 0.008162566259366095
21 0.007750350378551457
22 0.007543204615122915
23 0.007067321281703055
24 0.006894350096115406
25 0.006601570455066207
