1 0.1185069560069718
2 0.04196332784906869
3 0.04191823893303079
4 0.02530699993842773
5 0.02530582170666459
6 0.01812040749399839
7 0.01812034434374317
8 0.01411203900351457
9 0.0141120308922621
10 0.01155574912658783
11 0.01155574749266508
12 0.009783558851832934
13 0.009783558418451142
14 0.008482677972908678
15 0.00848267783298476
16 0.007487154952382858
17 0.007487154900251786
18 0.006700765397666965
19 0.006700765375973955
20 0.006063872176664336
21 0.006063872166808319
22 0.005537545333600296
23 0.005537545328789635
24 0.005095292383936224
25 0.005095292381443981
