1 0.1185069560069718
2 0.05120195783756575
3 0.05118123744562866
4 0.03315009928489593
5 0.03312510708099387
6 0.02429290069172206
7 0.02417833834121064
8 0.01916191296576389
9 0.01906906255920587
10 0.01580227122987822
11 0.01574241109521921
12 0.01344141361441347
13 0.01340276745396273
14 0.01169420065708425
15 0.01166834613726623
16 0.01034926855729282
17 0.01033132552806806
18 0.009282079241060383
19 0.009269206810431533
20 0.008414636900458536
21 0.008405132239404132
22 0.007695636264491372
23 0.007688442336586313
24 0.007089956340943343
25 0.007084393959651728
