1 0.1103215547480901
2 0.05267009993684778
3 0.03149456899487548
4 0.03030429617542697
5 0.0203702018883431
6 0.01913925241117273
7 0.01664002758287889
8 0.01341657327527758
9 0.01342861116632428
10 0.01112486929793647
11 0.0105112381167206
12 0.009916618694501722
13 0.008575533789260666
14 0.008596482535671338
15 0.007663995530622096
16 0.007247671427727486
17 0.007058576250454757
18 0.006316912079590499
19 0.006309855320981179
20 0.00584974332958117
21 0.005533425770719655
22 0.005473585298414467
23 0.005008411111150791
24 0.004977917487297796
25 0.004731077616298839
