1 0.04141917044422096
2 0.02239141955191602
3 0.01335045441316634
4 0.008825414988511607
5 0.006259485696289534
6 0.004664843842941101
7 0.003607435864621021
8 0.00287112012052859
9 0.002338291913543235
10 0.001940552431729147
11 0.001635946060739165
12 0.001397592117500267
13 0.001207631826717271
14 0.001053829641670712
15 0.000927578121065697
16 0.0008226814463697946
17 0.0007345889726873727
18 0.0006598982909143023
19 0.0005960247889090857
20 0.0005409769372152221
21 0.0004932003707928255
22 0.0004514677296355157
23 0.0004147995434814943
24 0.0003824065589218844
25 0.0003536471210058516
