1 0.1149166710770505
2 0.04300620749922681
3 0.04215660545890571
4 0.02606403894757676
5 0.02643325207522878
6 0.0189555323241296
7 0.01928206443499748
8 0.01491763962275935
9 0.01516418852752869
10 0.01230386520381533
11 0.01249023265867516
12 0.01047165714127774
13 0.01061438252206078
14 0.009118078396760468
15 0.009224032802014825
16 0.008074344915189708
17 0.008155211636710448
18 0.007269304093650421
19 0.007309890325647938
20 0.006642017959415702
21 0.006634257767734146
22 0.006151214172450295
23 0.00608757324441
24 0.005721504319351696
25 0.005686315202069188
