1 0.05946515557650501
2 0.03345696267175897
3 0.0206826257654592
4 0.01443976592673446
5 0.01072674989269055
6 0.008307817199502164
7 0.006672113858453732
8 0.005496610577106566
9 0.004624504293169219
10 0.003955107646944045
11 0.003429904788923538
12 0.00300887824365575
13 0.00266575772141402
14 0.002381858493503902
15 0.002143805389583674
16 0.001942357133030961
17 0.001769816233918162
18 0.001620934589999084
19 0.001491777054765403
20 0.00137797099936844
21 0.001278386809376191
22 0.001189846188627735
23 0.001111732917192404
24 0.001041440704037131
25 0.0009786073130336047
