1 0.09567332759801226
2 0.03756678670488138
3 0.03067361168324109
4 0.01947769247341844
5 0.01890050566581427
6 0.0137985477185992
7 0.01366697361306596
8 0.01077934944127682
9 0.01071658531247106
10 0.00885363123955472
11 0.008816279703022484
12 0.007514193162920857
13 0.007486826615360848
14 0.006524886472479184
15 0.006507155703057798
16 0.00577170300526846
17 0.005754754267021837
18 0.005172493782966268
19 0.00515780844602241
20 0.004685613206087192
21 0.004673347815233332
22 0.004282474659017954
23 0.004276030375356167
24 0.003943505362302165
25 0.003936889107769735
