1 0.1048283953960827
2 0.03781574459528789
3 0.03099080623228075
4 0.01941504657523502
5 0.01728247252447596
6 0.0133213933058891
7 0.01235594745032667
8 0.01024708785270683
9 0.009669099063736784
10 0.008354327012737204
11 0.007998446270449733
12 0.007180308993260947
13 0.006848990155376145
14 0.006596532322026757
15 0.0060068759177458
16 0.005943341137078836
17 0.005482270578814428
18 0.005261017072491861
19 0.005145023614119622
20 0.004785964531981767
21 0.004721899484989443
22 0.004503778094875024
23 0.004282245198640505
24 0.004236185091078799
25 0.003970039214427514
