1 0.09567332759801226
2 0.04099051105715427
3 0.03168232774592025
4 0.0219208060079284
5 0.01941910732802077
6 0.01507824566901669
7 0.0139815816887863
8 0.01153088400530842
9 0.01092112976544407
10 0.009346307348893899
11 0.0089597570011356
12 0.007861791990720276
13 0.007595586089889972
14 0.006786862760518959
15 0.006592133361609286
16 0.005976865546850584
17 0.00582410024042367
18 0.00534835857408296
19 0.005220189894409712
20 0.004869993246726201
21 0.004736902001393772
22 0.004481198833561606
23 0.004346301733405938
24 0.004167998301210279
25 0.004054795144053707
