1 0.1149166710770505
2 0.04218473662221534
3 0.04166103740501466
4 0.02625200911716586
5 0.02618571804670225
6 0.01913809977636738
7 0.01908893786860042
8 0.01504200696919154
9 0.01501721759852949
10 0.01239062943531382
11 0.01237837940143116
12 0.01053544405381513
13 0.01052894781092167
14 0.009164288206610344
15 0.009160655787332489
16 0.008109307778012806
17 0.008107230661590323
18 0.007272447518357822
19 0.007271052284658978
20 0.006592207798560028
21 0.006591370031272357
22 0.006028360968515624
23 0.006027987344610538
24 0.005553306301322334
25 0.005553451305155163
