1 0.05946515557650501
2 0.03199959823137658
3 0.02027047649615872
4 0.01451480794574114
5 0.01105948833582298
6 0.008803220898216322
7 0.007229728348497148
8 0.006079040330594049
9 0.005206532450054909
10 0.004525825905885829
11 0.003982366607602575
12 0.003540129954245002
13 0.003264613454923028
14 0.002932730133357667
15 0.002758138681521688
16 0.002508323325812028
17 0.002382137649970707
18 0.002193338231227643
19 0.002087476117614705
20 0.001954775408649933
21 0.001850221023204487
22 0.001736669425551808
23 0.001645748181039009
24 0.001552061195194843
25 0.001476481488295094
