1 0.1048283953960827
2 0.05703211279958829
3 0.03653877832050812
4 0.03081449032848832
5 0.0226737183123726
6 0.02054166226491228
7 0.01740293376783889
8 0.01511076781176005
9 0.01404976972902193
10 0.01224182763555235
11 0.01145909213497397
12 0.01052417355751742
13 0.009705509096185506
14 0.009159846180336753
15 0.008493322848941194
16 0.008063635983699577
17 0.00766288852880312
18 0.007233641336394493
19 0.007010864041032949
20 0.006565524196790737
21 0.006362328667029783
22 0.006037138318101889
23 0.005790609845051327
24 0.00562272731641116
25 0.005394546713914418
